1739.980000 4.957779 0.202918 5.135524E-05 5.381334E-05 
4090.592000 3.994858 0.029282 2.278873E-05 2.648326E-06 
4510.918000 3.921138 0.027804 1.085618E-05 2.480261E-06 
5898.882000 4.363785 0.029629 1.416388E-05 1.963971E-06 
5947.000000 4.217804 0.090546 1.608632E-06 5.361246E-06 
6404.148000 4.678006 0.029020 1.347780E-05 1.769765E-06 
6490.890000 4.801782 0.099973 8.299324E-06 5.466864E-06 
6930.425000 4.933369 0.029426 1.972674E-05 1.637479E-06 
7046.900000 4.646519 0.112550 1.793962E-05 5.257289E-06 
7478.281000 4.983657 0.029151 2.901149E-05 1.460106E-06 
7649.600000 5.208573 0.138797 1.721886E-05 5.609432E-06 
8047.837000 5.086406 0.013318 3.234694E-05 6.135145E-07 
8265.010000 5.094419 0.158318 -9.767600E-06 5.269924E-06 
8638.960000 5.222944 0.029280 2.218487E-05 1.253824E-06 
8905.532000 5.312356 0.073755 3.585076E-05 2.239380E-06 
9886.470000 5.751866 0.029124 3.837794E-05 1.082689E-06 
11924.200000 6.528710 0.045367 3.903330E-05 1.395246E-06 
11877.600000 6.261278 0.064158 5.312708E-05 1.945121E-06 
14958.540000 7.726683 0.057131 3.548280E-05 1.313516E-06 
14882.940000 7.544078 0.080929 5.650779E-05 1.837201E-06 
16615.100000 7.951524 0.348459 1.285249E-04 6.737382E-06 
16521.000000 7.284396 0.497336 1.069701E-04 9.449704E-06 
17479.340000 8.839241 0.079185 4.114728E-05 1.477476E-06 
17374.300000 8.637033 0.111586 6.222196E-05 2.054535E-06 
22162.920000 14.047219 0.140898 -1.597574E-04 1.915411E-06 
21990.300000 13.019564 0.185153 -1.450778E-04 2.487939E-06 
4952.237000 3.901327 0.027414 4.204215E-05 2.249989E-06 
5414.874000 4.436326 0.026847 2.378329E-05 2.124423E-06 
