1739.980000 3.410502 0.000000 3.868571E-04 0.000000E+00 
4090.592000 7.030971 0.000000 -1.550480E-04 0.000000E+00 
4510.918000 5.921046 0.000000 3.069778E-04 0.000000E+00 
5898.882000 12.624395 0.000000 1.250946E-04 0.000000E+00 
5947.000000 42.450324 0.000000 -2.632571E-04 0.000000E+00 
6404.148000 53.507892 3223379454.545367 -6.007476E-04 1.284346E+06 
6490.890000 45.647553 0.000000 -3.250172E-04 0.000000E+00 
6930.425000 52.003716 0.000000 -9.561085E-04 0.000000E+00 
7046.900000 12.351895 1672517276.551318 -5.035454E-04 2.590846E+05 
7478.281000 7.541272 0.000000 3.465546E-04 0.000000E+00 
7649.600000 5.426135 0.000000 4.167460E-04 0.000000E+00 
8047.837000 10.913666 0.000000 4.317551E-04 0.000000E+00 
8265.010000 7.536188 0.000000 7.695931E-04 0.000000E+00 
8638.960000 7.011846 0.000000 2.230515E-04 0.000000E+00 
8905.532000 7.761848 0.000000 3.780256E-05 0.000000E+00 
9886.470000 20.157974 0.000000 -1.246794E-03 0.000000E+00 
11924.200000 6.797084 0.000000 1.006511E-04 0.000000E+00 
11877.600000 40.717683 6693785044.397885 -9.118485E-05 1.016077E+06 
14958.540000 19.742385 0.000000 5.317273E-04 0.000000E+00 
14882.940000 8.597073 0.000000 6.610182E-05 0.000000E+00 
16615.100000 6.273463 947690448.158859 1.083574E-05 1.422985E+05 
16521.000000 6.075891 0.000000 2.956054E-05 0.000000E+00 
17479.340000 6.198680 0.000000 8.871734E-05 0.000000E+00 
17374.300000 43.135598 0.000000 -1.437257E-05 0.000000E+00 
